10 16 3 10 500
0 4 5
0 2 0
0 0 4
END
8 0 0
0 7 9
0 0 0
END
0 0 5
0 0 1
0 9 3
END
0 0 0
0 0 1
2 9 0
END
7 8 0
0 0 8
0 0 0
END
4 3 0
0 9 0
0 0 6
END
0 0 1
7 0 2
0 0 0
END
3 0 0
0 0 0
1 0 2
END
0 0 0
0 6 5
0 0 6
END
4 0 5
0 0 0
0 0 3
END
0 0 0
0 0 2
0 8 9
END
7 0 9
0 0 5
0 0 0
END
0 0 4
8 2 0
0 0 4
END
7 0 0
0 2 5
0 4 0
END
0 0 7
4 0 0
0 0 4
END
2 0 6
0 0 0
5 0 0
END
0 2 0
0 2 4
0 1 0
END
0 0 0
3 6 0
0 0 7
END
0 4 2
0 1 0
0 0 0
END
0 3 0
0 1 0
6 0 0
END
0 0 0
2 0 0
0 3 1
END
0 0 0
7 0 5
0 0 7
END
0 2 0
0 0 0
5 3 0
END
2 1 0
0 0 0
0 0 6
END
0 0 0
4 2 0
9 0 0
END
0 2 0
0 0 6
9 0 2
END
5 0 0
7 3 0
0 0 0
END
0 7 0
0 0 1
5 0 0
END
0 0 9
2 0 0
5 0 0
END
0 8 7
3 0 0
0 0 0
END
0 0 0
0 6 0
0 8 4
END
0 0 0
0 0 7
9 5 0
END
0 0 5
3 0 0
0 8 0
END
3 0 0
1 0 0
0 1 0
END
7 0 0
9 7 0
0 0 0
END
1 0 6
0 0 7
9 0 0
END
0 0 9
0 0 1
9 0 0
END
0 0 0
0 0 6
5 4 0
END
2 0 0
0 0 0
6 4 0
END
9 0 0
0 1 2
0 3 0
END
5 0 0
0 0 8
0 9 0
END
3 3 0
0 1 0
0 0 0
END
0 5 0
0 5 0
0 6 0
END
4 0 0
7 6 0
0 0 0
END
0 4 0
0 0 0
1 0 1
END
7 0 0
0 8 6
0 7 0
END
1 0 8
0 3 0
0 0 0
END
5 0 0
4 0 9
0 0 0
END
7 2 0
0 0 2
0 0 0
END
0 0 2
0 0 5
0 7 0
END
9 2 0
0 0 0
0 0 3
END
0 0 0
4 0 8
0 3 0
END
4 0 0
0 2 1
0 0 0
END
8 0 0
0 0 7
0 0 8
END
0 3 0
4 0 0
0 8 0
END
0 8 0
0 0 8
0 5 0
END
3 0 3
0 4 0
0 0 0
END
8 0 0
9 9 7
0 0 0
END
0 9 0
0 6 0
0 0 4
END
0 0 0
8 0 0
2 0 8
END
0 0 0
6 3 9
0 0 0
END
0 0 4
0 0 0
1 6 0
END
0 0 0
2 4 0
0 5 0
END
0 0 9
0 4 4
0 0 0
END
0 9 0
0 5 3
0 0 0
END
0 0 0
1 3 0
0 0 7
END
6 0 0
0 5 5
0 0 0
END
0 0 0
0 0 7
2 0 5
END
0 0 0
2 8 0
0 9 0
END
0 0 9
4 0 2
0 0 9
END
0 0 0
6 0 9
0 5 0
END
0 0 0
0 3 8
0 9 9
END
7 1 4
0 0 0
0 0 0
END
1 5 0
0 0 7
0 0 0
END
0 0 0
0 0 4
7 0 3
END
0 0 8
3 1 0
0 0 0
END
0 0 4
7 0 0
0 9 0
END
0 5 0
0 9 0
6 0 0
END
0 7 0
0 0 5
7 0 0
END
0 4 0
0 1 6
0 0 0
END
0 2 0
0 0 0
6 6 0
END
1 7 0
2 0 0
0 0 0
END
0 0 0
9 0 8
0 5 0
END
0 0 0
3 8 0
5 5 0
END
5 0 2
0 0 7
0 0 0
END
0 1 0
0 0 0
9 6 0
END
0 0 4
0 0 3
0 0 5
END
0 3 2
0 0 4
0 0 0
END
0 6 0
0 3 4
0 0 0
END
0 0 0
2 3 0
0 3 0
END
0 0 0
0 7 4
8 3 0
END
0 0 0
4 0 8
0 5 0
END
0 0 0
2 0 0
4 7 0
END
0 6 0
0 6 0
7 0 0
END
0 0 7
0 0 0
5 0 1
END
0 0 0
0 4 5
0 1 1
END
5 0 0
0 6 0
0 0 1
END
0 3 0
0 0 7
8 0 0
END
0 0 0
0 0 0
4 8 9
END
0 0 0
0 8 0
5 8 0
END
0 4 1
0 0 7
0 0 0
END
5 8 0
8 0 0
1 0 0
END
0 0 0
6 1 0
0 9 0
END
0 8 0
0 4 8
0 0 0
END
0 0 0
0 0 0
5 4 5
END
0 4 7
0 0 0
7 0 0
END
0 0 0
4 0 0
0 7 3
END
6 0 0
4 0 0
0 0 4
END
8 0 0
2 0 0
4 0 0
END
0 9 0
0 0 5
0 3 0
END
0 2 0
0 0 0
0 8 1
END
0 0 0
0 0 9
0 3 9
END
6 0 0
0 0 0
5 0 7
END
3 0 5
0 0 5
0 0 0
END
0 0 1
8 6 0
0 0 0
END
8 0 6
0 0 0
0 7 0
END
2 0 6
0 0 2
0 0 0
END
9 0 0
4 7 0
0 0 4
END
0 0 0
0 8 5
1 1 0
END
0 0 0
0 1 0
3 7 0
END
2 0 4
0 0 0
0 0 6
END
0 6 0
3 0 1
0 9 0
END
2 7 2
0 0 0
0 0 0
END
4 1 0
0 0 6
0 0 8
END
6 0 0
0 0 2
1 0 0
END
0 2 0
0 0 3
1 0 6
END
9 0 8
0 0 0
7 0 0
END
6 9 0
0 0 0
0 6 0
END
0 0 0
0 0 0
6 7 1
END
0 8 5
0 0 0
1 0 0
END
0 0 0
2 9 0
0 8 0
END
0 9 0
0 0 0
9 6 0
END
0 0 1
0 0 0
0 7 7
END
3 0 0
0 0 6
7 0 1
END
0 4 6
5 0 5
0 0 0
END
7 3 0
0 0 0
0 1 0
END
0 0 0
9 9 0
7 0 5
END
0 9 0
9 0 0
0 6 0
END
0 6 0
0 3 0
0 3 0
END
5 0 0
0 4 4
8 0 0
END
0 0 9
0 1 2
5 0 0
END
0 0 0
1 0 9
4 0 0
END
0 0 2
0 2 0
8 0 2
END
8 8 0
0 0 0
0 2 0
END
4 0 4
0 0 0
6 0 0
END
2 0 0
0 0 0
3 0 6
END
6 0 0
0 8 0
0 5 0
END
0 0 0
0 5 1
0 0 8
END
0 0 0
5 0 1
2 0 0
END
0 9 0
3 0 0
2 5 0
END
0 0 0
2 1 0
0 7 0
END
4 0 4
0 0 0
0 3 9
END
0 1 1
0 7 9
0 0 0
END
0 0 0
0 4 9
0 0 3
END
0 7 4
0 0 3
0 0 0
END
0 0 0
0 0 3
0 7 8
END
0 0 3
0 0 1
4 0 0
END
0 9 2
0 0 0
0 2 0
END
0 0 0
2 7 0
4 0 0
END
0 3 0
6 0 0
1 0 0
END
0 0 0
1 6 4
0 0 2
END
5 0 0
0 7 0
9 0 0
END
6 0 0
0 0 6
0 5 0
END
0 4 7
4 0 0
0 0 0
END
8 0 0
0 0 0
7 9 0
END
8 5 0
0 5 0
3 0 0
END
5 0 0
0 0 6
0 9 0
END
9 0 0
6 5 0
0 0 0
END
0 0 0
0 7 0
5 0 3
END
2 0 0
0 0 3
0 9 6
END
2 0 7
0 0 0
9 0 0
END
0 8 0
0 0 9
0 5 1
END
0 3 0
0 0 7
0 0 1
END
0 1 0
2 0 0
0 5 0
END
1 0 4
0 6 0
0 9 0
END
5 0 0
0 0 9
0 8 0
END
0 5 5
9 0 3
0 0 0
END
0 0 5
0 3 2
5 0 0
END
6 0 0
4 0 0
0 5 0
END
0 0 0
0 5 4
5 0 0
END
4 0 0
0 0 0
7 4 0
END
3 0 1
0 0 0
4 0 0
END
0 0 4
0 0 5
9 0 0
END
3 0 0
0 0 0
0 2 1
END
0 0 0
7 4 0
0 7 7
END
0 3 0
2 0 0
0 3 9
END
3 0 8
0 0 2
8 0 0
END
0 0 5
0 7 1
0 0 0
END
8 3 0
0 8 0
0 0 0
END
9 0 0
0 9 0
0 7 0
END
0 0 0
0 5 4
4 0 0
END
1 0 9
0 0 4
0 0 0
END
5 0 2
0 4 0
0 0 0
END
0 2 0
4 9 0
0 8 0
END
0 1 0
4 0 0
5 8 0
END
0 0 5
0 0 0
0 1 8
END
0 0 7
9 0 0
0 0 6
END
2 5 0
0 0 6
0 0 0
END
4 0 0
0 0 8
8 0 0
END
6 6 0
0 0 0
5 0 0
END
0 2 0
0 3 0
0 6 2
END
0 5 0
0 9 0
2 0 0
END
6 3 0
3 0 0
0 0 0
END
1 0 0
9 0 2
0 0 0
END
3 0 3
5 0 0
0 0 0
END
0 0 6
0 0 3
4 0 0
END
0 0 4
0 0 0
5 0 9
END
2 0 0
6 0 0
9 0 0
END
5 0 5
0 0 0
2 0 0
END
0 4 0
0 0 2
5 0 0
END
0 5 0
9 5 0
0 0 0
END
0 0 6
0 0 8
0 0 7
END
0 6 0
0 7 0
0 0 3
END
7 0 0
0 0 0
0 3 7
END
0 4 9
6 0 0
0 8 0
END
1 6 0
0 0 5
0 0 9
END
0 5 0
0 4 0
0 4 0
END
6 0 0
7 0 9
0 8 0
END
7 0 0
0 6 0
0 0 3
END
0 4 0
5 1 0
0 4 0
END
5 0 0
6 0 0
0 2 6
END
0 0 0
5 6 9
0 0 0
END
5 0 0
0 2 0
0 1 7
END
0 0 0
0 0 5
6 2 0
END
5 0 0
0 0 5
6 0 0
END
0 0 2
7 0 0
0 0 5
END
0 0 0
0 5 8
8 0 0
END
0 8 0
0 2 0
0 0 3
END
0 0 0
0 7 4
0 0 1
END
3 0 0
0 6 0
0 3 0
END
0 2 2
0 0 0
0 9 0
END
9 0 7
2 0 0
0 9 0
END
0 0 0
7 5 0
0 9 4
END
0 0 2
0 0 0
3 4 0
END
0 1 0
5 0 0
7 0 0
END
0 1 0
0 0 0
6 0 8
END
0 0 6
0 3 7
0 0 0
END
0 0 0
1 0 0
4 9 0
END
0 0 0
8 0 0
0 2 3
END
3 0 7
0 0 0
0 8 0
END
4 0 0
0 7 0
1 0 1
END
3 0 0
0 5 0
0 2 0
END
1 2 0
0 0 6
0 0 0
END
0 3 0
0 8 0
2 8 0
END
0 1 0
7 0 0
0 1 1
END
0 5 1
0 0 0
0 1 0
END
0 0 0
3 0 9
6 0 0
END
2 2 0
0 0 0
2 0 7
END
0 0 0
9 0 0
0 6 3
END
8 0 9
0 0 8
0 0 0
END
0 0 0
0 3 9
9 0 0
END
0 0 8
0 0 6
0 2 0
END
0 4 0
2 0 5
0 0 3
END
0 0 0
0 9 5
0 5 0
END
0 8 0
0 0 7
0 9 0
END
0 0 0
6 2 0
0 7 0
END
6 0 0
0 2 0
5 0 0
END
0 0 0
3 0 5
0 0 8
END
0 0 6
9 0 0
2 6 0
END
0 0 9
5 0 0
0 2 1
END
8 0 0
0 9 3
0 0 0
END
3 0 6
0 0 8
0 4 0
END
8 0 0
1 0 9
0 0 6
END
0 7 0
3 9 0
0 9 0
END
8 4 0
0 0 0
2 0 0
END
0 3 8
0 7 1
0 0 0
END
7 0 0
0 0 0
0 3 3
END
6 8 0
5 0 5
0 0 0
END
0 0 0
0 0 1
0 3 3
END
0 0 9
3 0 0
4 0 0
END
0 0 0
0 2 4
2 0 0
END
0 0 7
0 3 0
3 0 0
END
0 0 8
3 2 3
0 0 0
END
0 8 8
0 0 8
9 0 0
END
4 8 0
0 4 5
0 0 0
END
6 9 0
6 0 0
0 0 7
END
0 4 0
0 0 2
4 3 0
END
0 0 0
3 0 0
8 0 7
END
0 0 3
0 0 5
6 1 0
END
3 3 0
0 0 0
0 1 1
END
0 0 3
2 0 0
0 0 5
END
1 0 0
0 0 0
0 6 2
END
0 0 1
0 7 0
5 0 0
END
0 3 8
3 0 4
0 0 0
END
0 0 6
0 0 0
0 2 6
END
9 0 0
0 1 0
0 0 1
END
9 0 0
0 0 0
4 0 5
END
0 0 9
7 0 0
0 9 0
END
0 0 7
3 0 0
0 0 9
END
0 0 0
0 0 0
5 2 1
END
0 0 0
8 8 0
0 0 7
END
8 0 0
0 0 0
4 5 0
END
2 3 1
0 0 0
0 0 0
END
0 0 2
0 0 4
2 0 0
END
2 0 0
7 0 2
0 0 0
END
0 0 0
1 0 0
4 4 0
END
3 2 0
0 0 9
0 0 0
END
0 0 6
0 0 9
1 0 0
END
9 9 0
0 0 0
0 6 0
END
0 5 0
3 0 0
0 7 0
END
0 1 0
9 9 0
0 0 0
END
0 4 8
0 0 0
0 4 0
END
0 0 5
0 0 5
0 0 7
END
9 0 0
0 0 0
0 1 3
END
0 0 0
0 0 0
8 9 6
END
0 5 1
0 0 0
0 0 2
END
0 2 0
8 1 0
0 0 0
END
0 0 0
0 2 1
0 0 9
END
3 0 8
0 0 6
0 0 1
END
0 0 3
1 0 8
0 0 0
END
3 3 6
0 0 7
0 0 0
END
6 0 7
0 7 0
6 0 0
END
1 0 2
0 0 0
7 0 0
END
3 0 0
0 4 0
0 8 0
END
0 0 0
8 0 2
0 0 2
END
0 0 4
0 0 0
0 8 8
END
0 9 0
0 0 0
0 5 7
END
0 0 0
0 0 3
0 3 2
END
6 0 1
0 9 0
0 0 2
END
0 4 0
1 0 0
0 0 9
END
0 0 4
0 0 0
4 8 0
END
0 0 2
0 8 0
0 0 7
END
6 0 0
5 0 3
0 3 0
END
4 0 0
0 0 0
0 2 8
END
0 5 0
0 4 0
0 0 5
END
0 2 0
0 0 6
0 0 4
END
0 6 0
0 0 0
4 6 0
END
2 0 0
0 3 0
0 8 0
END
9 0 6
1 0 0
0 0 6
END
9 0 0
0 0 5
0 1 0
END
0 0 6
4 0 0
0 0 2
END
5 0 1
0 0 0
0 0 1
END
1 5 0
0 0 5
0 0 0
END
0 0 5
0 0 0
0 7 3
END
4 2 0
0 0 0
7 0 0
END
4 0 3
0 0 0
0 3 0
END
3 0 7
6 0 0
0 0 0
END
0 0 8
5 6 0
0 0 0
END
0 0 5
0 6 0
2 0 0
END
0 0 9
9 0 2
6 0 0
END
0 0 0
8 0 7
2 3 0
END
1 0 2
0 0 9
0 0 1
END
0 0 0
0 0 6
8 0 4
END
6 0 0
0 0 0
1 8 0
END
0 4 2
0 1 0
0 0 0
END
0 0 0
7 6 0
0 0 6
END
0 0 0
1 9 0
1 0 7
END
0 0 7
2 0 3
0 0 0
END
2 0 6
0 0 1
0 0 0
END
0 0 1
0 0 2
0 5 0
END
0 1 8
0 0 2
0 9 0
END
0 0 0
0 3 0
0 1 7
END
0 0 0
8 7 5
0 0 0
END
5 0 0
0 4 7
0 0 0
END
7 8 1
0 0 0
0 0 0
END
0 0 3
0 3 0
0 0 8
END
0 0 9
0 0 0
7 0 5
END
0 4 0
0 0 0
5 0 1
END
9 2 3
0 6 0
0 0 0
END
8 8 1
0 0 0
1 0 0
END
8 0 4
0 0 6
0 0 0
END
0 0 0
1 0 6
8 0 0
END
4 0 1
1 0 0
0 0 4
END
0 6 0
0 3 0
0 2 0
END
2 4 0
0 5 0
0 0 0
END
0 0 0
3 4 0
0 6 0
END
2 0 0
0 0 0
4 7 0
END
0 0 2
3 0 0
0 8 8
END
8 0 6
0 0 9
0 0 0
END
2 0 6
0 0 2
0 0 9
END
7 0 0
0 6 8
0 0 0
END
0 1 7
0 0 0
1 0 0
END
0 0 4
0 1 0
0 1 0
END
0 0 4
0 0 0
1 0 4
END
0 0 0
0 7 0
0 7 7
END
0 8 0
0 0 0
3 0 2
END
5 5 0
0 0 0
0 3 0
END
8 0 0
3 0 0
0 0 7
END
9 0 3
0 0 4
0 0 8
END
1 0 5
0 6 0
0 0 0
END
0 0 6
0 5 9
0 0 0
END
0 0 0
0 2 9
0 8 2
END
9 5 0
0 0 0
0 0 1
END
0 0 1
0 0 0
1 6 3
END
4 0 8
0 0 0
9 0 0
END
0 0 0
0 4 0
2 0 4
END
0 0 0
0 8 0
8 2 0
END
4 0 0
3 0 3
0 0 6
END
0 7 4
3 0 0
0 1 0
END
0 9 0
4 0 0
0 0 7
END
0 8 0
0 8 4
0 0 0
END
0 1 0
0 4 0
1 0 0
END
6 0 0
0 0 0
0 5 4
END
9 0 0
0 0 9
0 0 2
END
9 8 0
0 5 0
0 0 8
END
0 4 0
0 5 7
0 0 0
END
0 0 0
0 3 8
5 0 6
END
2 0 8
0 7 0
0 0 5
END
0 0 0
6 0 5
0 5 8
END
0 0 3
6 0 0
0 0 3
END
0 3 3
3 0 0
1 0 0
END
1 0 0
6 6 0
0 0 0
END
0 8 0
0 7 9
0 0 0
END
0 0 7
0 0 0
5 1 4
END
0 7 0
8 7 0
0 0 7
END
5 0 0
8 0 0
7 0 9
END
3 0 0
0 4 0
0 0 7
END
0 0 8
0 6 2
0 8 0
END
1 0 0
6 0 0
0 1 0
END
0 0 4
0 6 2
0 0 0
END
7 0 0
0 0 0
0 4 7
END
0 7 0
0 9 0
0 0 3
END
0 0 3
0 1 0
4 0 0
END
2 9 0
0 6 5
0 0 0
END
2 0 0
1 0 0
0 1 0
END
5 0 7
0 0 7
0 9 0
END
2 1 0
1 0 0
0 0 7
END
0 3 6
8 0 0
3 0 0
END
9 0 3
1 0 0
6 0 0
END
4 0 9
0 0 0
0 2 0
END
0 0 1
0 0 0
0 9 9
END
0 0 4
0 0 0
0 9 2
END
0 0 6
8 0 0
1 0 0
END
0 8 0
5 0 0
0 7 0
END
4 0 2
0 4 0
0 9 0
END
0 0 0
9 0 6
4 0 8
END
7 0 0
4 0 0
0 1 0
END
0 0 0
0 1 0
6 9 0
END
9 0 0
5 0 0
0 0 6
END
6 0 0
0 7 0
6 0 0
END
0 0 0
0 0 8
4 6 5
END
8 5 0
0 0 8
0 0 9
END
4 0 8
0 2 0
0 0 0
END
0 0 7
1 0 0
0 2 0
END
9 0 0
0 0 1
7 0 0
END
8 0 0
0 4 2
0 0 0
END
0 2 3
0 0 0
0 3 0
END
7 1 0
0 0 2
5 0 0
END
8 0 0
0 6 7
0 0 4
END
2 0 3
0 7 0
0 0 0
END
0 0 1
8 0 0
0 6 0
END
3 0 8
0 0 0
0 8 0
END
5 0 0
6 0 0
0 0 6
END
0 6 0
0 7 0
0 9 0
END
0 0 0
0 9 0
0 1 1
END
0 0 0
3 0 7
0 0 3
END
0 0 3
7 6 0
0 0 0
END
4 0 0
0 0 0
4 0 7
END
0 8 7
0 0 8
0 0 0
END
4 0 0
0 0 0
0 3 7
END
8 7 0
0 0 2
0 0 0
END
0 0 0
0 0 0
8 1 4
END
0 0 0
0 6 2
0 3 0
END
0 8 0
0 4 0
1 0 0
END
0 8 0
0 0 3
5 0 0
END
0 0 0
0 0 6
9 0 4
END
0 8 0
0 0 0
9 7 0
END
0 0 5
0 2 0
0 7 0
END
0 5 0
4 5 0
0 0 0
END
8 0 8
8 0 0
0 0 0
END
0 0 0
8 0 6
0 0 7
END
6 0 0
7 0 0
9 0 0
END
0 0 0
0 0 3
1 0 8
END
0 4 7
2 0 0
0 0 0
END
0 0 0
7 0 4
0 0 2
END
0 0 0
0 6 6
0 5 8
END
0 0 9
1 7 0
0 0 0
END
0 0 0
0 1 0
7 9 0
END
0 3 0
0 0 0
6 0 4
END
0 0 4
5 0 8
0 0 0
END
0 1 0
0 0 9
5 0 0
END
0 0 7
0 0 0
9 4 0
END
0 3 0
7 0 8
0 0 0
END
6 9 3
0 0 0
0 3 0
END
0 0 9
8 0 6
0 0 0
END
0 0 2
0 0 9
0 1 9
END
0 9 0
0 7 0
7 0 0
END
0 2 2
0 0 0
0 0 3
END
0 2 0
0 0 0
0 8 5
END
3 7 0
0 0 0
0 9 0
END
0 3 0
0 5 0
0 8 0
END
4 0 7
9 0 0
0 7 0
END
0 7 0
0 0 0
0 2 5
END
6 0 0
2 0 0
1 0 0
END
0 9 3
0 0 8
1 0 0
END
0 0 1
0 0 7
0 0 2
END
0 4 0
6 2 0
0 0 0
END
6 0 1
9 0 0
0 0 0
END
8 0 9
0 0 0
9 0 0
END
0 3 0
0 0 0
0 1 6
END
6 0 0
8 0 0
0 0 3
END
5 0 2
0 0 0
0 0 9
END
0 6 0
0 0 8
9 0 0
END
5 0 0
0 0 3
6 0 2
END
0 1 8
1 0 0
5 0 0
END
1 0 0
0 0 0
0 4 5
END
0 5 0
0 0 0
9 0 6
END
0 0 7
5 6 0
0 0 0
END
0 4 0
0 0 2
6 0 0
END
0 4 6
0 7 0
0 0 0
END
0
180000
0
0 0 0 0 0 0 0 0 0 0 
0 0 0 0 0 0 0 0 0 0 
0 0 0 0 0 0 0 0 0 0 
0 0 0 0 0 0 0 0 0 0 
0 0 0 0 0 0 0 0 0 0 
0 0 0 0 0 0 0 0 0 0 
0 0 0 0 0 0 0 0 0 0 
0 0 0 0 0 0 0 0 0 0 
0 0 0 0 0 0 0 0 0 0 
0 0 0 0 0 0 0 0 0 0 
0 0 0 0 0 0 0 0 0 0 
0 0 0 0 0 0 0 0 0 0 
0 0 0 0 0 0 0 0 0 0 
0 0 0 0 0 0 0 0 0 0 
0 0 0 0 0 0 0 0 0 0 
0 0 0 0 0 0 0 0 0 0 
END
0
0 0 0 0 0 0 0 0 0 0 
0 0 0 0 0 0 0 0 0 0 
0 0 0 0 0 0 0 0 0 0 
0 0 0 0 0 0 0 0 0 0 
0 0 0 0 0 0 0 0 0 0 
0 0 0 0 0 0 0 0 0 0 
0 0 0 0 0 0 0 0 0 0 
0 0 0 0 0 0 0 0 0 0 
0 0 0 0 0 0 0 0 0 0 
0 0 0 0 0 0 0 0 0 0 
0 0 0 0 0 0 0 0 0 0 
0 0 0 0 0 0 0 0 0 0 
0 0 0 0 0 0 0 0 0 0 
0 0 0 0 0 0 0 0 0 0 
0 0 0 0 0 0 0 0 0 0 
0 0 0 0 0 0 0 0 0 0 
END

1
178957
0
0 0 0 0 0 0 0 0 0 0 
0 0 0 0 0 0 0 0 0 0 
0 0 0 0 0 0 0 0 0 0 
0 0 0 0 0 0 0 0 0 0 
0 0 0 0 0 0 0 0 0 0 
0 0 0 0 0 0 0 0 0 0 
0 0 0 0 0 0 0 0 0 0 
0 0 0 0 0 0 0 0 0 0 
0 0 0 0 0 0 0 0 0 0 
0 0 0 0 0 0 0 0 0 0 
0 0 0 0 0 0 0 0 0 0 
0 0 0 0 0 0 0 0 0 0 
0 0 0 0 0 0 0 0 0 0 
0 0 0 0 0 0 0 0 0 0 
0 0 4 5 0 0 0 0 0 0 
0 0 2 4 0 0 0 0 0 0 
END
0
0 0 0 0 0 0 0 0 0 0 
0 0 0 0 0 0 0 0 0 0 
0 0 0 0 0 0 0 0 0 0 
0 0 0 0 0 0 0 0 0 0 
0 0 0 0 0 0 0 0 0 0 
0 0 0 0 0 0 0 0 0 0 
0 0 0 0 0 0 0 0 0 0 
0 0 0 0 0 0 0 0 0 0 
0 0 0 0 0 0 0 0 0 0 
0 0 0 0 0 0 0 0 0 0 
0 0 0 0 0 0 0 0 0 0 
0 0 0 0 0 0 0 0 0 0 
0 0 0 0 0 0 0 0 0 0 
0 0 0 0 0 0 0 0 0 0 
0 4 2 0 0 0 0 0 0 0 
0 5 4 0 0 0 0 0 0 0 
END

2
177934
0
0 0 0 0 0 0 0 0 0 0 
0 0 0 0 0 0 0 0 0 0 
0 0 0 0 0 0 0 0 0 0 
0 0 0 0 0 0 0 0 0 0 
0 0 0 0 0 0 0 0 0 0 
0 0 0 0 0 0 0 0 0 0 
0 0 0 0 0 0 0 0 0 0 
0 0 0 0 0 0 0 0 0 0 
0 0 0 0 0 0 0 0 0 0 
0 0 0 0 0 0 0 0 0 0 
0 0 0 0 0 0 0 0 0 0 
0 0 0 0 0 0 0 0 0 0 
0 0 0 7 0 0 0 0 0 0 
0 0 0 9 0 0 0 0 0 0 
0 0 4 5 0 0 0 0 0 0 
0 0 2 4 8 0 0 0 0 0 
END
0
0 0 0 0 0 0 0 0 0 0 
0 0 0 0 0 0 0 0 0 0 
0 0 0 0 0 0 0 0 0 0 
0 0 0 0 0 0 0 0 0 0 
0 0 0 0 0 0 0 0 0 0 
0 0 0 0 0 0 0 0 0 0 
0 0 0 0 0 0 0 0 0 0 
0 0 0 0 0 0 0 0 0 0 
0 0 0 0 0 0 0 0 0 0 
0 0 0 0 0 0 0 0 0 0 
0 0 0 0 0 0 0 0 0 0 
0 0 0 0 0 0 0 0 0 0 
0 9 0 0 0 0 0 0 0 0 
0 7 0 0 0 0 0 0 0 0 
0 4 2 0 0 0 0 0 0 0 
8 5 4 0 0 0 0 0 0 0 
END

3
176921
0
0 0 0 0 0 0 0 0 0 0 
0 0 0 0 0 0 0 0 0 0 
0 0 0 0 0 0 0 0 0 0 
0 0 0 0 0 0 0 0 0 0 
0 0 0 0 0 0 0 0 0 0 
0 0 0 0 0 0 0 0 0 0 
0 0 0 0 0 0 0 0 0 0 
0 0 0 0 0 0 0 0 0 0 
0 0 0 0 0 0 0 0 0 0 
0 0 0 0 0 0 0 0 0 0 
0 0 0 0 0 0 0 0 0 0 
0 0 0 0 0 0 0 0 0 0 
0 0 0 0 0 0 0 0 0 0 
0 0 0 0 0 0 0 0 0 0 
0 0 0 7 0 0 0 0 0 0 
0 0 4 9 8 0 0 0 0 0 
END
0
0 0 0 0 0 0 0 0 0 0 
0 0 0 0 0 0 0 0 0 0 
0 0 0 0 0 0 0 0 0 0 
0 0 0 0 0 0 0 0 0 0 
0 0 0 0 0 0 0 0 0 0 
0 0 0 0 0 0 0 0 0 0 
0 0 0 0 0 0 0 0 0 0 
0 0 0 0 0 0 0 0 0 0 
0 0 0 0 0 0 0 0 0 0 
0 0 0 0 0 0 0 0 0 0 
0 0 0 0 0 0 0 0 0 0 
0 0 0 0 0 0 0 0 0 0 
0 9 0 0 0 0 0 0 0 0 
0 7 0 0 0 0 0 0 0 0 
0 4 2 0 3 0 0 0 0 0 
8 5 4 0 5 0 0 0 0 0 
END

4
175904
0
0 0 0 0 0 0 0 0 0 0 
0 0 0 0 0 0 0 0 0 0 
0 0 0 0 0 0 0 0 0 0 
0 0 0 0 0 0 0 0 0 0 
0 0 0 0 0 0 0 0 0 0 
0 0 0 0 0 0 0 0 0 0 
0 0 0 0 0 0 0 0 0 0 
0 0 0 0 0 0 0 0 0 0 
0 0 0 0 0 0 0 0 0 0 
0 0 0 0 0 0 0 0 0 0 
0 0 0 0 0 0 0 0 0 0 
0 0 0 0 0 0 0 0 0 0 
0 0 0 0 0 0 0 0 0 0 
0 0 0 2 0 0 0 0 0 0 
0 0 0 7 0 0 0 0 0 0 
0 0 4 9 8 0 0 0 0 0 
END
0
0 0 0 0 0 0 0 0 0 0 
0 0 0 0 0 0 0 0 0 0 
0 0 0 0 0 0 0 0 0 0 
0 0 0 0 0 0 0 0 0 0 
0 0 0 0 0 0 0 0 0 0 
0 0 0 0 0 0 0 0 0 0 
0 0 0 0 0 0 0 0 0 0 
0 0 0 0 0 0 0 0 0 0 
0 0 0 0 0 0 0 0 0 0 
0 0 0 0 0 0 0 0 0 0 
0 0 0 0 0 0 0 0 0 0 
0 0 0 0 0 0 0 0 0 0 
0 9 0 0 0 0 0 0 0 0 
0 7 0 0 9 0 0 0 0 0 
0 4 2 0 3 0 0 0 0 0 
8 5 4 2 5 1 0 0 0 0 
END

5
174878
0
0 0 0 0 0 0 0 0 0 0 
0 0 0 0 0 0 0 0 0 0 
0 0 0 0 0 0 0 0 0 0 
0 0 0 0 0 0 0 0 0 0 
0 0 0 0 0 0 0 0 0 0 
0 0 0 0 0 0 0 0 0 0 
0 0 0 0 0 0 0 0 0 0 
0 0 0 0 0 0 0 0 0 0 
0 0 0 0 0 0 0 0 0 0 
0 0 0 0 0 0 0 0 0 0 
0 0 0 0 0 0 0 0 0 0 
0 0 0 0 0 0 0 0 0 0 
0 0 0 0 0 0 0 0 0 0 
0 0 0 0 0 0 0 0 0 0 
0 0 0 7 0 0 0 0 0 0 
7 8 4 9 8 0 0 0 0 0 
END
0
0 0 0 0 0 0 0 0 0 0 
0 0 0 0 0 0 0 0 0 0 
0 0 0 0 0 0 0 0 0 0 
0 0 0 0 0 0 0 0 0 0 
0 0 0 0 0 0 0 0 0 0 
0 0 0 0 0 0 0 0 0 0 
0 0 0 0 0 0 0 0 0 0 
0 0 0 0 0 0 0 0 0 0 
0 0 0 0 0 0 0 0 0 0 
0 0 0 0 0 0 0 0 0 0 
0 0 0 0 0 0 0 0 0 0 
0 0 0 0 0 0 0 0 0 0 
0 9 0 0 0 0 0 0 0 0 
0 7 0 0 9 0 0 0 0 0 
0 4 2 0 3 0 8 0 0 0 
8 5 4 2 5 1 7 8 0 0 
END

6
173857
0
0 0 0 0 0 0 0 0 0 0 
0 0 0 0 0 0 0 0 0 0 
0 0 0 0 0 0 0 0 0 0 
0 0 0 0 0 0 0 0 0 0 
0 0 0 0 0 0 0 0 0 0 
0 0 0 0 0 0 0 0 0 0 
0 0 0 0 0 0 0 0 0 0 
0 0 0 0 0 0 0 0 0 0 
0 0 0 0 0 0 0 0 0 0 
0 0 0 0 0 0 0 0 0 0 
0 0 0 0 0 0 0 0 0 0 
0 0 0 0 0 0 0 0 0 0 
0 0 0 0 0 0 0 0 0 0 
0 3 0 6 0 0 0 0 0 0 
0 4 9 7 0 0 0 0 0 0 
7 8 4 9 8 0 0 0 0 0 
END
0
0 0 0 0 0 0 0 0 0 0 
0 0 0 0 0 0 0 0 0 0 
0 0 0 0 0 0 0 0 0 0 
0 0 0 0 0 0 0 0 0 0 
0 0 0 0 0 0 0 0 0 0 
0 0 0 0 0 0 0 0 0 0 
0 0 0 0 0 0 0 0 0 0 
0 0 0 0 0 0 0 0 0 0 
0 0 0 0 0 0 0 0 0 0 
0 0 0 0 0 0 0 0 0 0 
0 0 0 0 0 0 0 0 0 0 
0 0 0 0 0 0 0 0 0 0 
0 9 0 0 0 0 3 0 0 0 
0 7 0 0 9 0 9 0 0 0 
0 4 2 0 3 4 8 6 0 0 
8 5 4 2 5 1 7 8 0 0 
END

7
172849
0
0 0 0 0 0 0 0 0 0 0 
0 0 0 0 0 0 0 0 0 0 
0 0 0 0 0 0 0 0 0 0 
0 0 0 0 0 0 0 0 0 0 
0 0 0 0 0 0 0 0 0 0 
0 0 0 0 0 0 0 0 0 0 
0 0 0 0 0 0 0 0 0 0 
0 0 0 0 0 0 0 0 0 0 
0 0 0 0 0 0 0 0 0 0 
0 0 0 0 0 0 0 0 0 0 
0 0 0 0 0 0 0 0 0 0 
0 0 0 0 0 0 0 0 0 0 
0 0 0 0 0 0 0 0 0 0 
0 0 0 6 0 0 0 0 0 0 
0 0 0 7 0 0 0 0 0 0 
0 8 9 9 8 0 0 0 0 0 
END
0
0 0 0 0 0 0 0 0 0 0 
0 0 0 0 0 0 0 0 0 0 
0 0 0 0 0 0 0 0 0 0 
0 0 0 0 0 0 0 0 0 0 
0 0 0 0 0 0 0 0 0 0 
0 0 0 0 0 0 0 0 0 0 
0 0 0 0 0 0 0 0 0 0 
0 0 0 0 0 0 0 0 0 0 
0 0 0 0 0 0 0 0 0 0 
0 0 0 0 0 0 0 0 0 0 
0 0 0 0 0 0 2 0 0 0 
0 0 0 0 0 0 1 0 0 0 
0 9 0 0 0 0 3 0 0 0 
0 7 0 0 9 0 9 0 0 0 
0 4 2 0 3 4 8 6 0 0 
8 5 4 2 5 1 7 8 7 0 
END

8
171826
0
0 0 0 0 0 0 0 0 0 0 
0 0 0 0 0 0 0 0 0 0 
0 0 0 0 0 0 0 0 0 0 
0 0 0 0 0 0 0 0 0 0 
0 0 0 0 0 0 0 0 0 0 
0 0 0 0 0 0 0 0 0 0 
0 0 0 0 0 0 0 0 0 0 
0 0 0 0 0 0 0 0 0 0 
0 0 0 0 0 0 0 0 0 0 
0 0 0 0 0 0 0 0 0 0 
0 0 0 0 0 0 0 0 0 0 
0 0 0 1 0 0 0 0 0 0 
0 0 0 2 0 0 0 0 0 0 
0 0 0 6 0 0 0 0 0 0 
0 0 0 7 0 0 0 0 0 0 
0 8 9 9 8 3 0 0 0 0 
END
0
0 0 0 0 0 0 0 0 0 0 
0 0 0 0 0 0 0 0 0 0 
0 0 0 0 0 0 0 0 0 0 
0 0 0 0 0 0 0 0 0 0 
0 0 0 0 0 0 0 0 0 0 
0 0 0 0 0 0 0 0 0 0 
0 0 0 0 0 0 0 0 0 0 
0 0 0 0 0 0 0 0 0 0 
0 0 0 0 0 0 0 0 0 0 
0 0 0 0 0 0 0 0 0 0 
0 0 0 0 0 0 2 0 0 0 
0 0 0 0 0 0 1 0 0 0 
0 9 0 0 0 0 3 0 0 0 
0 7 0 0 0 3 9 0 0 0 
0 4 2 2 3 4 8 6 0 0 
8 5 4 2 5 1 7 8 7 0 
END

9
170799
0
0 0 0 0 0 0 0 0 0 0 
0 0 0 0 0 0 0 0 0 0 
0 0 0 0 0 0 0 0 0 0 
0 0 0 0 0 0 0 0 0 0 
0 0 0 0 0 0 0 0 0 0 
0 0 0 0 0 0 0 0 0 0 
0 0 0 0 0 0 0 0 0 0 
0 0 0 0 0 0 0 0 0 0 
0 0 0 0 0 0 0 0 0 0 
0 0 0 0 0 0 0 0 0 0 
0 0 0 6 0 0 0 0 0 0 
0 0 0 1 0 0 0 0 0 0 
0 0 0 2 0 0 0 0 0 0 
0 0 0 6 6 0 0 0 0 0 
0 0 0 7 5 0 0 0 0 0 
0 8 9 9 8 3 0 0 0 0 
END
0
0 0 0 0 0 0 0 0 0 0 
0 0 0 0 0 0 0 0 0 0 
0 0 0 0 0 0 0 0 0 0 
0 0 0 0 0 0 0 0 0 0 
0 0 0 0 0 0 0 0 0 0 
0 0 0 0 0 0 0 0 0 0 
0 0 0 0 0 0 0 0 0 0 
0 0 0 0 0 0 0 0 0 0 
0 0 0 0 0 0 0 0 0 0 
0 0 0 0 0 0 6 0 0 0 
0 0 0 0 0 0 2 0 0 0 
0 0 0 0 0 6 1 0 0 0 
0 9 0 0 0 5 3 0 0 0 
0 7 0 0 0 3 9 0 0 0 
0 4 2 2 3 4 8 6 0 0 
8 5 4 2 5 1 7 8 7 0 
END

10
169774
0
0 0 0 0 0 0 0 0 0 0 
0 0 0 0 0 0 0 0 0 0 
0 0 0 0 0 0 0 0 0 0 
0 0 0 0 0 0 0 0 0 0 
0 0 0 0 0 0 0 0 0 0 
0 0 0 0 0 0 0 0 0 0 
0 0 0 0 0 0 0 0 0 0 
0 0 0 0 0 0 0 0 0 0 
0 0 0 0 0 0 0 0 0 0 
0 0 0 0 0 0 0 0 0 0 
0 0 0 0 0 0 0 0 0 0 
0 0 0 0 0 0 0 0 0 0 
0 0 0 0 5 0 0 0 0 0 
0 0 0 0 3 0 0 0 0 0 
0 0 0 6 6 0 0 0 0 0 
0 8 9 9 8 0 0 0 0 0 
END
0
0 0 0 0 0 0 0 0 0 0 
0 0 0 0 0 0 0 0 0 0 
0 0 0 0 0 0 0 0 0 0 
0 0 0 0 0 0 0 0 0 0 
0 0 0 0 0 0 0 0 0 0 
0 0 0 0 0 0 0 0 0 0 
0 0 0 0 0 0 0 0 0 0 
0 0 0 0 0 0 0 0 0 0 
0 0 0 0 0 0 0 0 0 0 
0 0 0 0 0 0 6 0 0 0 
0 0 0 0 0 3 2 0 0 0 
0 0 0 0 0 6 1 0 0 0 
0 9 0 5 0 5 3 0 0 0 
0 7 0 4 0 3 9 0 0 0 
0 4 2 2 3 4 8 6 0 0 
8 5 4 2 5 1 7 8 7 0 
END

11
168745
0
0 0 0 0 0 0 0 0 0 0 
0 0 0 0 0 0 0 0 0 0 
0 0 0 0 0 0 0 0 0 0 
0 0 0 0 0 0 0 0 0 0 
0 0 0 0 0 0 0 0 0 0 
0 0 0 0 0 0 0 0 0 0 
0 0 0 0 0 0 0 0 0 0 
0 0 0 0 0 0 0 0 0 0 
0 0 0 0 0 0 0 0 0 0 
0 0 0 0 0 0 0 0 0 0 
0 0 0 0 0 0 0 0 0 0 
0 0 0 0 0 0 0 0 0 0 
0 0 0 0 5 0 0 0 0 0 
0 0 0 0 3 0 0 0 0 0 
0 0 0 6 6 0 0 0 0 0 
9 0 9 9 8 0 0 0 0 0 
END
0
0 0 0 0 0 0 0 0 0 0 
0 0 0 0 0 0 0 0 0 0 
0 0 0 0 0 0 0 0 0 0 
0 0 0 0 0 0 0 0 0 0 
0 0 0 0 0 0 0 0 0 0 
0 0 0 0 0 0 0 0 0 0 
0 0 0 0 0 0 0 0 0 0 
0 0 0 0 0 0 0 0 0 0 
0 0 0 0 0 0 0 0 0 0 
0 0 0 0 0 0 6 0 0 0 
0 0 0 0 0 3 2 0 0 0 
0 0 0 0 0 6 1 0 0 0 
0 9 0 5 0 5 3 0 0 0 
0 7 0 4 0 3 9 8 0 0 
0 4 2 2 3 4 8 9 0 0 
8 5 4 2 5 1 7 6 7 0 
END

12
167730
0
0 0 0 0 0 0 0 0 0 0 
0 0 0 0 0 0 0 0 0 0 
0 0 0 0 0 0 0 0 0 0 
0 0 0 0 0 0 0 0 0 0 
0 0 0 0 0 0 0 0 0 0 
0 0 0 0 0 0 0 0 0 0 
0 0 0 0 0 0 0 0 0 0 
0 0 0 0 0 0 0 0 0 0 
0 0 0 0 0 0 0 0 0 0 
0 0 0 0 0 0 0 0 0 0 
0 0 0 0 0 0 0 0 0 0 
0 0 0 0 0 0 0 0 0 0 
0 0 0 0 5 0 0 0 0 0 
0 0 9 0 3 0 0 0 0 0 
7 0 5 6 6 0 0 0 0 0 
9 0 9 9 8 0 0 0 0 0 
END
0
0 0 0 0 0 0 0 0 0 0 
0 0 0 0 0 0 0 0 0 0 
0 0 0 0 0 0 0 0 0 0 
0 0 0 0 0 0 0 0 0 0 
0 0 0 0 0 0 0 0 0 0 
0 0 0 0 0 0 0 0 0 0 
0 0 0 0 0 0 0 0 0 0 
0 0 0 0 0 0 0 0 0 0 
0 0 0 0 0 0 0 0 0 0 
0 0 0 0 0 0 6 0 0 0 
0 0 0 0 0 3 2 0 0 0 
0 0 0 0 0 6 1 0 0 0 
0 9 0 5 0 5 3 0 0 0 
0 7 0 4 0 3 9 8 9 0 
0 4 2 2 3 4 8 9 7 0 
8 5 4 2 5 1 7 6 7 5 
END

13
166723
0
0 0 0 0 0 0 0 0 0 0 
0 0 0 0 0 0 0 0 0 0 
0 0 0 0 0 0 0 0 0 0 
0 0 0 0 0 0 0 0 0 0 
0 0 0 0 0 0 0 0 0 0 
0 0 0 0 0 0 0 0 0 0 
0 0 0 0 0 0 0 0 0 0 
0 0 0 0 0 0 0 0 0 0 
0 0 0 0 0 0 0 0 0 0 
0 0 0 0 0 0 0 0 0 0 
0 0 0 0 0 0 0 0 0 0 
0 0 4 0 8 0 0 0 0 0 
0 0 4 0 5 0 0 0 0 0 
0 0 9 2 3 0 0 0 0 0 
7 0 5 6 6 0 0 0 0 0 
9 0 9 9 8 0 0 0 0 0 
END
0
0 0 0 0 0 0 0 0 0 0 
0 0 0 0 0 0 0 0 0 0 
0 0 0 0 0 0 0 0 0 0 
0 0 0 0 0 0 0 0 0 0 
0 0 0 0 0 0 0 0 0 0 
0 0 0 0 0 0 0 0 0 0 
0 0 0 0 0 0 0 0 0 0 
0 0 0 0 0 0 0 0 0 0 
0 0 0 0 0 0 0 0 0 0 
0 0 0 0 0 0 6 0 0 0 
0 0 0 4 0 3 2 0 0 0 
0 8 0 4 0 6 1 0 0 0 
0 9 0 5 0 5 3 0 0 0 
0 7 2 4 0 3 9 8 9 0 
0 4 2 2 3 4 8 9 7 0 
8 5 4 2 5 1 7 6 7 5 
END

14
165708
0
0 0 0 0 0 0 0 0 0 0 
0 0 0 0 0 0 0 0 0 0 
0 0 0 0 0 0 0 0 0 0 
0 0 0 0 0 0 0 0 0 0 
0 0 0 0 0 0 0 0 0 0 
0 0 0 0 0 0 0 0 0 0 
0 0 0 0 0 0 0 0 0 0 
0 0 0 0 0 0 0 0 0 0 
0 0 0 0 0 0 0 0 0 0 
0 0 0 0 0 0 0 0 0 0 
0 0 0 0 0 0 0 0 0 0 
0 0 0 0 8 0 0 0 0 0 
0 0 5 4 5 0 0 0 0 0 
0 0 9 2 3 0 0 0 0 0 
7 0 5 6 6 0 0 0 0 0 
9 7 9 9 8 0 0 0 0 0 
END
0
0 0 0 0 0 0 0 0 0 0 
0 0 0 0 0 0 0 0 0 0 
0 0 0 0 0 0 0 0 0 0 
0 0 0 0 0 0 0 0 0 0 
0 0 0 0 0 0 0 0 0 0 
0 0 0 0 0 0 0 0 0 0 
0 0 0 0 0 0 0 0 0 0 
0 0 0 0 0 0 0 0 0 0 
0 0 0 0 0 0 7 0 0 0 
0 0 0 0 0 0 6 0 0 0 
0 0 0 4 0 3 2 0 0 0 
0 8 0 4 0 6 1 2 0 0 
0 9 0 5 0 5 3 4 5 0 
0 7 2 4 0 3 9 8 9 0 
0 4 2 2 3 4 8 9 7 0 
8 5 4 2 5 1 7 6 7 5 
END

15
164701
0
0 0 0 0 0 0 0 0 0 0 
0 0 0 0 0 0 0 0 0 0 
0 0 0 0 0 0 0 0 0 0 
0 0 0 0 0 0 0 0 0 0 
0 0 0 0 0 0 0 0 0 0 
0 0 0 0 0 0 0 0 0 0 
0 0 0 0 0 0 0 0 0 0 
0 0 0 0 0 0 0 0 0 0 
0 0 0 0 0 0 0 0 0 0 
0 0 0 0 0 0 0 0 0 0 
0 0 0 0 4 0 0 0 0 0 
0 0 0 0 8 0 0 0 0 0 
0 0 5 0 5 0 0 0 0 0 
0 0 9 0 3 0 0 0 0 0 
7 0 5 6 6 0 0 0 0 0 
9 7 9 9 8 7 0 0 0 0 
END
0
0 0 0 0 0 0 0 0 0 0 
0 0 0 0 0 0 0 0 0 0 
0 0 0 0 0 0 0 0 0 0 
0 0 0 0 0 0 0 0 0 0 
0 0 0 0 0 0 0 0 0 0 
0 0 0 0 0 0 0 0 0 0 
0 0 0 0 0 0 0 0 0 0 
0 0 0 0 0 0 0 0 0 0 
0 0 0 7 0 0 7 0 0 0 
0 0 0 4 0 0 6 0 0 0 
0 4 0 4 0 3 2 0 0 0 
0 8 0 4 0 6 1 2 0 0 
0 9 0 5 0 5 3 4 5 0 
0 7 2 4 0 3 9 8 9 0 
0 4 2 2 3 4 8 9 7 0 
8 5 4 2 5 1 7 6 7 5 
END

16
163687
0
0 0 0 0 0 0 0 0 0 0 
0 0 0 0 0 0 0 0 0 0 
0 0 0 0 0 0 0 0 0 0 
0 0 0 0 0 0 0 0 0 0 
0 0 0 0 0 0 0 0 0 0 
0 0 0 0 0 0 0 0 0 0 
0 0 0 0 0 0 0 0 0 0 
0 0 0 0 0 0 0 0 0 0 
0 0 0 0 0 0 0 0 0 0 
0 0 0 0 0 0 0 0 0 0 
0 0 2 0 4 0 0 0 0 0 
0 0 6 0 8 0 0 0 0 0 
0 0 5 0 5 0 0 0 0 0 
5 0 9 0 3 0 0 0 0 0 
7 0 5 6 6 0 0 0 0 0 
9 7 9 9 8 7 0 0 0 0 
END
0
0 0 0 0 0 0 0 0 0 0 
0 0 0 0 0 0 0 0 0 0 
0 0 0 0 0 0 0 0 0 0 
0 0 0 0 0 0 0 0 0 0 
0 0 0 0 0 0 0 0 0 0 
0 0 0 0 0 0 0 0 0 0 
0 0 0 2 0 0 0 0 0 0 
0 0 0 6 0 0 0 0 0 0 
0 0 0 7 0 0 7 0 0 0 
0 5 0 4 0 0 6 0 0 0 
0 4 0 4 0 3 2 0 0 0 
0 8 0 4 0 6 1 2 0 0 
0 9 0 5 0 5 3 4 5 0 
0 7 2 4 0 3 9 8 9 0 
0 4 2 2 3 4 8 9 7 0 
8 5 4 2 5 1 7 6 7 5 
END

17
162668
0
0 0 0 0 0 0 0 0 0 0 
0 0 0 0 0 0 0 0 0 0 
0 0 0 0 0 0 0 0 0 0 
0 0 0 0 0 0 0 0 0 0 
0 0 0 0 0 0 0 0 0 0 
0 0 0 0 0 0 0 0 0 0 
0 0 0 0 0 0 0 0 0 0 
0 0 0 0 0 0 0 0 0 0 
0 0 0 0 0 0 0 0 0 0 
0 0 0 0 2 0 0 0 0 0 
0 0 2 0 2 0 0 0 0 0 
0 0 6 0 1 0 0 0 0 0 
0 0 5 0 4 0 0 0 0 0 
5 0 9 0 8 0 0 0 0 0 
7 0 5 6 5 0 0 0 0 0 
9 7 9 9 8 0 0 0 0 0 
END
0
0 0 0 0 0 0 0 0 0 0 
0 0 0 0 0 0 0 0 0 0 
0 0 0 0 0 0 0 0 0 0 
0 0 0 0 0 0 0 0 0 0 
0 0 0 0 0 0 0 0 0 0 
0 0 0 0 0 0 0 0 0 0 
0 0 0 2 0 0 4 0 0 0 
0 0 0 6 0 0 2 0 0 0 
0 0 0 7 0 0 7 0 0 0 
0 5 0 4 0 2 6 0 0 0 
0 4 0 4 0 3 2 1 0 0 
0 8 0 4 0 6 1 2 0 0 
0 9 0 5 0 5 3 4 5 0 
0 7 2 4 0 3 9 8 9 0 
0 4 2 2 3 4 8 9 7 0 
8 5 4 2 5 1 7 6 7 5 
END

18
161656
0
0 0 0 0 0 0 0 0 0 0 
0 0 0 0 0 0 0 0 0 0 
0 0 0 0 0 0 0 0 0 0 
0 0 0 0 0 0 0 0 0 0 
0 0 0 0 0 0 0 0 0 0 
0 0 0 0 0 0 0 0 0 0 
0 0 0 0 0 0 0 0 0 0 
0 0 0 0 6 0 0 0 0 0 
0 0 0 0 3 0 0 0 0 0 
0 0 0 0 2 0 0 0 0 0 
0 0 2 0 2 0 0 0 0 0 
0 0 6 0 1 0 0 0 0 0 
0 0 5 0 4 0 0 0 0 0 
5 0 9 0 8 0 0 0 0 0 
7 0 5 6 5 0 0 0 0 0 
9 7 9 9 8 7 0 0 0 0 
END
0
0 0 0 0 0 0 0 0 0 0 
0 0 0 0 0 0 0 0 0 0 
0 0 0 0 0 0 0 0 0 0 
0 0 0 0 0 0 0 0 0 0 
0 0 0 0 0 0 0 0 0 0 
0 0 0 0 0 0 0 0 0 0 
0 0 0 2 0 0 3 0 0 0 
0 0 0 6 0 0 2 0 0 0 
0 0 0 7 0 7 7 0 0 0 
0 5 0 4 0 2 6 0 0 0 
0 4 0 4 0 3 2 1 0 0 
0 8 0 4 0 6 1 2 0 0 
0 9 0 5 0 5 3 4 5 0 
0 7 2 4 0 3 9 8 9 0 
0 4 2 2 3 4 8 9 7 0 
8 5 4 2 5 1 7 6 7 5 
END

19
160643
0
0 0 0 0 0 0 0 0 0 0 
0 0 0 0 0 0 0 0 0 0 
0 0 0 0 0 0 0 0 0 0 
0 0 0 0 0 0 0 0 0 0 
0 0 0 0 0 0 0 0 0 0 
0 0 0 0 0 0 0 0 0 0 
0 0 0 0 0 0 0 0 0 0 
0 0 0 0 2 0 0 0 0 0 
0 0 0 0 6 0 0 0 0 0 
0 0 0 0 3 0 0 0 0 0 
0 0 0 0 2 0 0 0 0 0 
0 0 0 0 2 0 0 0 0 0 
0 0 0 0 1 0 0 0 0 0 
5 0 2 0 8 0 0 0 0 0 
7 0 5 6 5 0 0 0 0 0 
9 7 9 9 8 7 0 0 0 0 
END
0
0 0 0 0 0 0 0 0 0 0 
0 0 0 0 0 0 0 0 0 0 
0 0 0 0 0 0 0 0 0 0 
0 0 0 0 0 0 0 0 0 0 
0 0 0 0 0 0 2 0 0 0 
0 0 0 0 0 0 4 0 0 0 
0 0 0 2 0 0 3 0 0 0 
0 0 0 6 0 0 2 0 0 0 
0 0 0 7 0 7 7 0 0 0 
0 5 0 4 0 2 6 1 0 0 
0 4 0 4 0 3 2 1 0 0 
0 8 0 4 0 6 1 2 0 0 
0 9 0 5 0 5 3 4 5 0 
0 7 2 4 0 3 9 8 9 0 
0 4 2 2 3 4 8 9 7 0 
8 5 4 2 5 1 7 6 7 5 
END

20
159629
0
0 0 0 0 0 0 0 0 0 0 
0 0 0 0 0 0 0 0 0 0 
0 0 0 0 0 0 0 0 0 0 
0 0 0 0 0 0 0 0 0 0 
0 0 0 0 0 0 0 0 0 0 
0 0 0 0 3 0 0 0 0 0 
0 0 0 0 1 0 0 0 0 0 
0 0 0 0 2 0 0 0 0 0 
0 0 0 0 6 0 0 0 0 0 
0 0 0 0 3 0 0 0 0 0 
0 0 0 0 2 0 0 0 0 0 
0 0 0 0 2 0 0 0 0 0 
0 0 0 0 1 0 0 0 0 0 
5 0 2 6 8 0 0 0 0 0 
7 0 5 6 5 0 0 0 0 0 
9 7 9 9 8 7 0 0 0 0 
END
0
0 0 0 0 0 0 0 0 0 0 
0 0 0 0 0 0 0 0 0 0 
0 0 0 0 0 0 0 0 0 0 
0 0 0 0 0 0 0 0 0 0 
0 0 0 0 0 0 0 0 0 0 
0 0 0 0 0 0 0 0 0 0 
0 0 0 2 0 0 0 0 0 0 
0 0 0 6 0 6 2 0 0 0 
0 0 0 7 0 7 7 0 0 0 
0 5 0 4 0 2 6 1 0 0 
0 4 0 4 0 3 2 1 0 0 
0 8 0 4 0 6 1 2 0 0 
0 9 0 5 0 5 3 4 5 0 
0 7 2 4 0 3 9 8 9 0 
0 4 2 2 3 4 8 9 7 0 
8 5 4 2 5 1 7 6 7 5 
END

21
158599
0
0 0 0 0 0 0 0 0 0 0 
0 0 0 0 0 0 0 0 0 0 
0 0 0 0 0 0 0 0 0 0 
0 0 0 0 0 0 0 0 0 0 
0 0 0 0 0 0 0 0 0 0 
0 0 0 0 3 0 0 0 0 0 
0 0 0 0 1 0 0 0 0 0 
0 0 0 0 2 0 0 0 0 0 
0 0 0 0 6 0 0 0 0 0 
0 0 0 0 3 0 0 0 0 0 
0 0 0 0 2 0 0 0 0 0 
0 0 0 0 2 0 0 0 0 0 
0 0 0 1 1 0 0 0 0 0 
5 0 0 6 8 0 0 0 0 0 
7 2 0 6 5 0 0 0 0 0 
9 7 9 9 8 7 0 0 0 0 
END
0
0 0 0 0 0 0 0 0 0 0 
0 0 0 0 0 0 0 0 0 0 
0 0 0 0 0 0 0 0 0 0 
0 0 0 0 0 0 0 0 0 0 
0 0 0 0 0 0 0 0 0 0 
0 0 0 0 0 0 0 0 0 0 
0 0 0 2 0 0 2 0 0 0 
0 0 0 6 0 0 2 0 0 0 
0 0 0 7 0 7 7 0 0 0 
0 5 0 4 0 2 6 1 0 0 
0 4 0 4 0 3 2 1 0 0 
0 8 0 4 0 6 1 2 0 0 
0 9 0 5 0 5 3 4 5 0 
0 7 2 4 0 3 9 8 9 0 
0 4 2 2 3 4 8 9 7 0 
8 5 4 2 5 1 7 6 7 5 
END

22
157567
0
0 0 0 0 0 0 0 0 0 0 
0 0 0 0 0 0 0 0 0 0 
0 0 0 0 0 0 0 0 0 0 
0 0 0 0 0 0 0 0 0 0 
0 0 0 0 0 0 0 0 0 0 
0 0 0 0 0 0 0 0 0 0 
0 0 0 0 0 0 0 0 0 0 
0 0 0 0 0 0 0 0 0 0 
0 0 0 0 0 0 0 0 0 0 
0 0 0 0 0 0 0 0 0 0 
0 0 0 0 0 0 0 0 0 0 
0 0 0 0 0 0 0 0 0 0 
0 0 0 1 0 0 0 0 0 0 
5 0 0 6 0 0 0 0 0 0 
7 2 0 6 0 0 0 0 0 0 
9 7 9 9 8 0 0 0 0 0 
END
3
0 0 0 0 0 0 0 0 0 0 
0 0 0 0 0 0 0 0 0 0 
0 0 0 0 0 0 0 0 0 0 
0 0 0 0 0 0 0 0 0 0 
0 0 0 0 0 0 0 0 0 0 
0 0 0 0 0 0 0 0 0 0 
0 0 0 2 0 0 2 0 0 0 
0 0 0 6 0 7 2 5 0 0 
0 0 0 7 0 7 7 7 0 0 
0 5 0 4 0 2 6 1 0 0 
0 4 0 4 0 3 2 1 0 0 
0 8 0 4 0 6 1 2 0 0 
0 9 0 5 0 5 3 4 5 0 
0 7 2 4 0 3 9 8 9 0 
0 4 2 2 3 4 8 9 7 0 
8 5 4 2 5 1 7 6 7 5 
END

23
156539
0
0 0 0 0 0 0 0 0 0 0 
0 0 0 0 0 0 0 0 0 0 
0 0 0 0 0 0 0 0 0 0 
0 0 0 0 0 0 0 0 0 0 
0 0 0 0 0 0 0 0 0 0 
0 0 0 0 0 0 0 0 0 0 
0 0 0 0 0 0 0 0 0 0 
0 0 0 0 0 0 0 0 0 0 
0 0 0 0 0 0 0 0 0 0 
0 0 0 0 0 0 0 0 0 0 
0 0 0 0 0 0 0 0 0 0 
0 0 0 2 0 0 0 0 0 0 
0 0 0 1 0 0 0 0 0 0 
0 0 0 6 0 0 0 0 0 0 
0 0 0 6 0 0 0 0 0 0 
9 7 9 9 8 0 0 0 0 0 
END
0
0 0 0 0 0 0 0 0 0 0 
0 0 0 0 0 0 0 0 0 0 
0 0 0 0 0 0 0 0 0 0 
0 0 0 0 0 0 0 0 0 0 
0 0 0 0 0 0 0 0 0 0 
0 0 0 0 0 0 0 5 0 0 
0 0 0 2 0 0 2 3 0 0 
0 0 0 6 0 7 2 5 0 0 
0 0 0 7 0 7 7 7 0 0 
0 5 0 4 0 2 6 1 0 0 
0 4 0 4 0 3 2 1 0 0 
0 8 0 4 0 6 1 2 11 0 
0 9 0 5 0 5 3 4 5 11 
0 7 2 4 0 3 9 8 9 2 
0 4 2 2 3 4 8 9 7 11 
8 5 4 2 5 1 7 6 7 5 
END

24
155512
0
0 0 0 0 0 0 0 0 0 0 
0 0 0 0 0 0 0 0 0 0 
0 0 0 0 0 0 0 0 0 0 
0 0 0 0 0 0 0 0 0 0 
0 0 0 0 0 0 0 0 0 0 
0 0 0 0 0 0 0 0 0 0 
0 0 0 0 0 0 0 0 0 0 
0 0 0 0 0 0 0 0 0 0 
0 0 0 0 0 0 0 0 0 0 
0 0 0 0 0 0 0 0 0 0 
0 0 0 0 0 0 0 0 0 0 
0 0 0 6 0 0 0 0 0 0 
0 0 0 2 0 0 0 0 0 0 
0 0 0 1 0 0 0 0 0 0 
0 0 0 6 0 0 0 0 0 0 
9 7 9 6 0 0 0 0 0 0 
END
0
0 0 0 0 0 0 0 0 0 0 
0 0 0 0 0 0 0 0 0 0 
0 0 0 0 0 0 0 0 0 0 
0 0 0 0 0 0 0 0 0 0 
0 0 0 0 0 0 0 6 0 0 
0 0 0 0 0 0 0 5 0 0 
0 0 0 2 0 0 2 3 0 0 
0 0 0 6 0 7 2 5 0 0 
0 0 0 7 0 7 7 7 0 0 
0 5 0 4 0 2 6 1 0 0 
0 4 0 4 0 3 2 1 1 0 
0 8 0 4 0 6 1 2 11 2 
0 9 0 5 0 5 3 4 5 11 
0 7 2 4 0 3 9 8 9 2 
0 4 2 2 3 4 8 9 7 11 
8 5 4 2 5 1 7 6 7 5 
END

25
154504
0
0 0 0 0 0 0 0 0 0 0 
0 0 0 0 0 0 0 0 0 0 
0 0 0 0 0 0 0 0 0 0 
0 0 0 0 0 0 0 0 0 0 
0 0 0 0 0 0 0 0 0 0 
0 0 0 0 0 0 0 0 0 0 
0 0 0 0 0 0 0 0 0 0 
0 0 0 0 0 0 0 0 0 0 
0 0 0 0 0 0 0 0 0 0 
0 0 0 0 0 0 0 0 0 0 
0 0 0 0 0 0 0 0 0 0 
0 0 0 6 0 0 0 0 0 0 
0 0 0 2 0 0 0 0 0 0 
0 0 0 1 0 0 0 0 0 0 
0 0 0 6 0 9 0 0 0 0 
9 7 9 6 2 4 0 0 0 0 
END
0
0 0 0 0 0 0 0 0 0 0 
0 0 0 0 0 0 0 0 0 0 
0 0 0 0 0 0 0 0 0 0 
0 0 0 0 0 0 0 0 0 0 
0 0 0 0 0 0 0 9 0 0 
0 0 0 0 0 0 2 5 0 0 
0 0 0 2 0 0 2 3 0 0 
0 0 0 6 0 7 2 5 0 0 
0 0 0 7 0 7 7 7 0 0 
0 5 0 4 0 2 6 1 0 0 
0 4 0 4 0 3 2 1 1 0 
0 8 0 4 0 6 1 2 11 2 
0 9 0 5 0 5 3 4 5 11 
0 7 2 4 0 3 9 8 9 2 
0 4 2 2 3 4 8 9 7 11 
8 5 4 2 5 1 7 6 7 5 
END

26
153479
0
0 0 0 0 0 0 0 0 0 0 
0 0 0 0 0 0 0 0 0 0 
0 0 0 0 0 0 0 0 0 0 
0 0 0 0 0 0 0 0 0 0 
0 0 0 0 0 0 0 0 0 0 
0 0 0 0 0 0 0 0 0 0 
0 0 0 0 0 0 0 0 0 0 
0 0 0 0 0 0 0 0 0 0 
0 0 0 0 0 0 0 0 0 0 
0 0 0 0 0 0 0 0 0 0 
0 0 0 0 0 0 0 0 0 0 
0 0 0 0 0 0 0 0 0 0 
0 0 0 6 0 0 0 0 0 0 
0 0 0 6 0 0 0 0 0 0 
0 0 0 2 0 9 0 0 0 0 
9 0 9 6 2 4 0 0 0 0 
END
0
0 0 0 0 0 0 0 0 0 0 
0 0 0 0 0 0 0 0 0 0 
0 0 0 0 0 0 0 0 0 0 
0 0 0 0 0 0 0 9 0 0 
0 0 0 0 0 0 2 9 0 0 
0 0 0 0 0 2 2 5 0 0 
0 0 0 2 0 6 2 3 0 0 
0 0 0 6 0 7 2 5 0 0 
0 0 0 7 0 7 7 7 0 0 
0 5 0 4 0 2 6 1 0 0 
0 4 0 4 0 3 2 1 1 0 
0 8 0 4 0 6 1 2 11 2 
0 9 0 5 0 5 3 4 5 11 
0 7 2 4 0 3 9 8 9 2 
0 4 2 2 3 4 8 9 7 11 
8 5 4 2 5 1 7 6 7 5 
END

27
152463
0
0 0 0 0 0 0 0 0 0 0 
0 0 0 0 0 0 0 0 0 0 
0 0 0 0 0 0 0 0 0 0 
0 0 0 0 0 0 0 0 0 0 
0 0 0 0 0 0 0 0 0 0 
0 0 0 0 0 0 0 0 0 0 
0 0 0 0 0 0 0 0 0 0 
0 0 0 0 0 0 0 0 0 0 
0 0 0 0 0 0 0 0 0 0 
0 0 0 0 0 0 0 0 0 0 
0 0 0 0 0 0 0 0 0 0 
0 0 0 3 0 0 0 0 0 0 
0 0 0 6 0 0 0 0 0 0 
0 0 0 6 7 0 0 0 0 0 
0 0 0 2 5 9 0 0 0 0 
9 0 9 6 2 4 0 0 0 0 
END
0
0 0 0 0 0 0 0 0 0 0 
0 0 0 0 0 0 0 7 0 0 
0 0 0 0 0 0 0 5 0 0 
0 0 0 0 0 0 3 9 0 0 
0 0 0 0 0 0 2 9 0 0 
0 0 0 0 0 2 2 5 0 0 
0 0 0 2 0 6 2 3 0 0 
0 0 0 6 0 7 2 5 0 0 
0 0 0 7 0 7 7 7 0 0 
0 5 0 4 0 2 6 1 0 0 
0 4 0 4 0 3 2 1 1 0 
0 8 0 4 0 6 1 2 11 2 
0 9 0 5 0 5 3 4 5 11 
0 7 2 4 0 3 9 8 9 2 
0 4 2 2 3 4 8 9 7 11 
8 5 4 2 5 1 7 6 7 5 
END

28
151434
0
0 0 0 0 0 0 0 0 0 0 
0 0 0 0 0 0 0 0 0 0 
0 0 0 0 0 0 0 0 0 0 
0 0 0 0 0 0 0 0 0 0 
0 0 0 0 0 0 0 0 0 0 
0 0 0 0 0 0 0 0 0 0 
0 0 0 0 0 0 0 0 0 0 
0 0 0 0 0 0 0 0 0 0 
0 0 0 0 0 0 0 0 0 0 
0 0 0 0 0 0 0 0 0 0 
0 0 0 5 0 0 0 0 0 0 
0 0 0 3 0 0 0 0 0 0 
0 0 0 6 0 0 0 0 0 0 
0 0 0 6 7 0 0 0 0 0 
0 0 0 2 5 9 0 0 0 0 
9 7 0 6 2 4 0 0 0 0 
END
0
0 0 0 0 0 0 0 1 0 0 
0 0 0 0 0 0 0 7 0 0 
0 0 0 0 0 0 0 5 0 0 
0 0 0 0 0 0 3 9 0 0 
0 0 0 0 0 0 2 9 0 0 
0 0 0 0 0 2 2 5 0 0 
0 0 0 2 0 6 2 3 0 0 
0 0 0 6 0 7 2 5 0 0 
0 0 0 7 0 7 7 7 0 0 
0 5 0 4 0 2 6 1 7 0 
0 4 0 4 0 3 2 1 1 5 
0 8 0 4 0 6 1 2 11 2 
0 9 0 5 0 5 3 4 5 11 
0 7 2 4 0 3 9 8 9 2 
0 4 2 2 3 4 8 9 7 11 
8 5 4 2 5 1 7 6 7 5 
END

29
150411
1
0 0 0 0 0 0 0 0 0 0 
0 0 0 0 0 0 0 0 0 0 
0 0 0 0 0 0 0 0 0 0 
0 0 0 0 0 0 0 0 0 0 
0 0 0 0 0 0 0 0 0 0 
0 0 0 0 0 0 0 0 0 0 
0 0 0 0 0 0 0 0 0 0 
0 0 0 0 0 0 0 0 0 0 
0 0 0 0 0 0 0 0 0 0 
0 0 0 0 0 0 0 0 0 0 
0 0 0 2 0 0 0 0 0 0 
0 0 0 3 0 0 0 0 0 0 
0 0 0 6 0 0 0 0 0 0 
0 0 0 6 7 9 0 0 0 0 
0 0 0 2 5 9 0 0 0 0 
9 7 0 6 2 4 0 0 0 0 
END
0
0 0 0 0 0 0 0 0 0 0 
0 0 0 0 0 0 0 1 0 0 
0 0 0 0 0 0 0 7 0 0 
0 0 0 0 0 0 0 9 0 0 
0 0 0 0 0 0 0 9 0 0 
0 0 0 0 0 0 2 5 0 0 
0 0 0 2 0 0 2 3 0 0 
0 0 0 6 0 7 2 5 0 0 
0 0 0 7 0 7 7 7 0 0 
0 5 0 4 0 2 6 1 7 0 
0 4 0 4 0 3 2 1 1 5 
0 8 0 4 0 6 1 2 11 2 
0 9 0 5 0 5 3 4 5 11 
0 7 2 4 9 3 9 8 9 2 
0 4 2 2 3 4 8 9 7 11 
8 5 4 2 5 1 7 6 7 5 
END

30
149385
0
0 0 0 0 0 0 0 0 0 0 
0 0 0 0 0 0 0 0 0 0 
0 0 0 0 0 0 0 0 0 0 
0 0 0 0 0 0 0 0 0 0 
0 0 0 0 0 0 0 0 0 0 
0 0 0 0 0 0 0 0 0 0 
0 0 0 0 0 0 0 0 0 0 
0 0 0 11 0 0 0 0 0 0 
0 0 0 8 0 0 0 0 0 0 
0 0 0 7 0 0 0 0 0 0 
0 0 0 2 0 0 0 0 0 0 
0 0 0 3 0 0 0 0 0 0 
0 0 0 6 0 0 0 0 0 0 
0 0 0 6 7 9 0 0 0 0 
0 0 0 2 5 9 0 0 0 0 
9 0 0 6 2 4 0 0 0 0 
END
0
0 0 0 0 0 0 0 0 0 0 
0 0 0 0 0 0 0 1 0 0 
0 0 0 0 0 0 0 7 0 0 
0 0 0 0 0 0 0 9 0 0 
0 0 0 0 0 0 0 9 0 0 
0 0 0 3 0 0 2 5 0 0 
0 0 0 2 0 7 2 3 0 0 
0 0 0 6 0 7 2 5 0 0 
0 0 0 7 0 7 7 7 0 0 
0 5 0 4 0 2 6 1 7 0 
0 4 0 4 0 3 2 1 1 5 
0 8 0 4 0 6 1 2 11 2 
0 9 0 5 8 5 3 4 5 11 
0 7 2 4 9 3 9 8 9 2 
0 4 2 2 3 4 8 9 7 11 
8 5 4 2 5 1 7 6 7 5 
END

31
148369
0
0 0 0 0 0 0 0 0 0 0 
0 0 0 0 0 0 0 0 0 0 
0 0 0 0 0 0 0 0 0 0 
0 0 0 0 0 0 0 0 0 0 
0 0 0 0 0 0 0 0 0 0 
0 0 0 4 0 0 0 0 0 0 
0 0 0 8 0 0 0 0 0 0 
0 0 0 11 0 0 0 0 0 0 
0 0 0 8 0 0 0 0 0 0 
0 0 0 7 0 0 0 0 0 0 
0 0 0 2 0 0 0 0 0 0 
0 0 0 3 0 0 0 0 0 0 
0 0 0 6 0 0 0 0 0 0 
0 0 0 6 7 9 0 0 0 0 
0 0 0 2 5 9 0 0 0 0 
9 0 6 6 2 4 0 0 0 0 
END
0
0 0 0 0 0 0 0 0 0 0 
0 0 0 0 0 0 0 1 0 0 
0 0 0 0 0 0 0 7 0 0 
0 0 0 0 0 0 0 9 0 0 
0 0 0 6 0 0 0 9 0 0 
0 0 0 3 0 0 2 5 0 0 
0 0 0 2 0 7 2 3 0 0 
0 0 0 6 0 7 2 5 0 0 
0 0 0 7 0 7 7 7 0 0 
0 5 0 4 0 2 6 1 7 0 
0 4 0 4 0 3 2 1 1 5 
0 8 8 4 0 6 1 2 11 2 
0 9 4 5 8 5 3 4 5 11 
0 7 2 4 9 3 9 8 9 2 
0 4 2 2 3 4 8 9 7 11 
8 5 4 2 5 1 7 6 7 5 
END

32
147356
0
0 0 0 0 0 0 0 0 0 0 
0 0 0 0 0 0 0 0 0 0 
0 0 0 0 0 0 0 0 0 0 
0 0 0 0 0 0 0 0 0 0 
0 0 0 7 0 0 0 0 0 0 
0 0 0 4 0 0 0 0 0 0 
0 0 0 8 0 0 0 0 0 0 
0 0 0 11 0 0 0 0 0 0 
0 0 0 8 0 0 0 0 0 0 
0 0 0 7 0 0 0 0 0 0 
0 0 0 2 0 0 0 0 0 0 
0 0 0 3 5 0 0 0 0 0 
0 0 0 6 9 0 0 0 0 0 
0 0 0 6 7 9 0 0 0 0 
0 0 0 2 5 9 0 0 0 0 
9 0 6 6 2 4 0 0 0 0 
END
0
0 0 0 0 0 0 0 0 0 0 
0 0 0 0 0 0 0 1 0 0 
0 0 0 0 0 0 0 7 0 0 
0 0 0 0 0 0 5 9 0 0 
0 0 0 6 0 0 9 9 0 0 
0 0 0 3 0 7 2 5 0 0 
0 0 0 2 0 7 2 3 0 0 
0 0 0 6 0 7 2 5 0 0 
0 0 0 7 0 7 7 7 0 0 
0 5 0 4 0 2 6 1 7 0 
0 4 0 4 0 3 2 1 1 5 
0 8 8 4 0 6 1 2 11 2 
0 9 4 5 8 5 3 4 5 11 
0 7 2 4 9 3 9 8 9 2 
0 4 2 2 3 4 8 9 7 11 
8 5 4 2 5 1 7 6 7 5 
END

33
146348
0
0 0 0 0 0 0 0 0 0 0 
0 0 0 0 0 0 0 0 0 0 
0 0 0 0 0 0 0 0 0 0 
0 0 0 0 0 0 0 0 0 0 
0 0 0 0 0 0 0 0 0 0 
0 0 0 5 0 0 0 0 0 0 
0 0 0 7 0 0 0 0 0 0 
0 0 0 4 0 0 0 0 0 0 
0 0 0 8 0 0 0 0 0 0 
0 0 0 11 0 0 0 0 0 0 
0 0 0 8 0 0 0 0 0 0 
0 0 0 7 0 0 0 0 0 0 
0 0 0 2 5 0 0 0 0 0 
0 0 0 6 9 9 0 0 0 0 
0 0 0 6 5 9 0 0 0 0 
9 3 6 6 2 4 0 0 0 0 
END
0
0 0 0 0 0 0 0 0 0 0 
0 0 0 0 0 0 0 1 0 0 
0 0 0 0 0 0 0 7 0 0 
0 0 0 3 0 0 5 9 0 0 
0 0 0 6 0 0 9 9 0 0 
0 0 0 3 0 7 2 5 0 0 
0 0 0 2 0 7 2 3 0 0 
0 0 0 6 0 7 2 5 0 0 
0 0 0 7 0 7 7 7 0 0 
0 0 0 4 0 2 6 1 7 0 
0 4 8 4 0 3 2 1 1 5 
0 8 8 4 0 6 1 2 11 2 
0 9 4 5 8 5 3 4 5 11 
0 7 2 4 9 3 9 8 9 2 
0 4 2 2 3 4 8 9 7 11 
8 5 4 2 5 1 7 6 7 5 
END

34
145329
0
0 0 0 0 0 0 0 0 0 0 
0 0 0 0 0 0 0 0 0 0 
0 0 0 0 0 0 0 0 0 0 
0 0 0 0 0 0 0 0 0 0 
0 0 0 0 0 0 0 0 0 0 
0 0 0 0 0 0 0 0 0 0 
0 0 0 0 0 0 0 0 0 0 
0 0 0 1 0 0 0 0 0 0 
0 0 0 5 0 0 0 0 0 0 
0 0 0 7 0 0 0 0 0 0 
0 0 0 4 0 0 0 0 0 0 
0 0 0 8 1 0 0 0 0 0 
0 0 0 11 5 0 0 0 0 0 
0 0 0 6 9 9 0 0 0 0 
0 0 0 6 5 9 0 0 0 0 
9 3 6 6 2 4 0 0 0 0 
END
0
0 0 0 0 0 0 0 0 0 0 
0 0 0 1 0 0 0 1 0 0 
0 0 0 3 0 0 0 7 0 0 
0 0 0 3 0 0 5 9 0 0 
0 0 0 6 0 0 9 9 0 0 
0 0 0 3 0 7 2 5 0 0 
0 0 0 2 0 7 2 3 0 0 
0 0 0 6 0 7 2 5 0 0 
0 0 0 7 0 7 7 7 0 0 
0 0 1 4 0 2 6 1 7 0 
0 4 8 4 0 3 2 1 1 5 
0 8 8 4 0 6 1 2 11 2 
0 9 4 5 8 5 3 4 5 11 
0 7 2 4 9 3 9 8 9 2 
0 4 2 2 3 4 8 9 7 11 
8 5 4 2 5 1 7 6 7 5 
END

35
144303
0
0 0 0 0 0 0 0 0 0 0 
0 0 0 0 0 0 0 0 0 0 
0 0 0 0 0 0 0 0 0 0 
0 0 0 0 0 0 0 0 0 0 
0 0 0 0 0 0 0 0 0 0 
0 0 0 0 0 0 0 0 0 0 
0 0 0 7 0 0 0 0 0 0 
0 0 0 1 0 0 0 0 0 0 
0 0 0 5 0 0 0 0 0 0 
0 0 0 7 9 0 0 0 0 0 
0 0 0 4 7 0 0 0 0 0 
0 0 0 8 1 0 0 0 0 0 
0 0 0 11 5 0 0 0 0 0 
0 0 0 6 9 9 0 0 0 0 
0 0 0 6 5 9 0 0 0 0 
9 3 6 6 2 4 0 0 0 0 
END
0
0 0 0 0 0 0 0 0 0 0 
0 0 0 1 0 0 0 1 0 0 
0 0 0 3 0 0 0 7 0 0 
0 0 0 3 0 0 5 9 0 0 
0 0 0 6 0 0 9 9 0 0 
0 0 0 3 0 7 2 5 0 0 
0 0 0 2 0 7 2 3 0 0 
0 0 0 6 0 7 2 5 0 0 
0 0 0 7 0 7 7 7 0 0 
0 7 7 4 0 2 6 1 7 0 
0 4 8 4 0 3 2 1 1 5 
0 8 8 4 0 6 1 2 11 2 
0 9 4 5 8 5 3 4 5 11 
0 7 2 4 9 3 9 8 9 2 
0 4 2 2 3 4 8 9 7 11 
8 5 4 2 5 1 7 6 7 5 
END

36
143275
0
0 0 0 0 0 0 0 0 0 0 
0 0 0 0 0 0 0 0 0 0 
0 0 0 0 0 0 0 0 0 0 
0 0 0 0 0 0 0 0 0 0 
0 0 0 0 0 0 0 0 0 0 
0 0 0 7 0 0 0 0 0 0 
0 0 0 7 0 0 0 0 0 0 
0 0 0 1 1 0 0 0 0 0 
0 0 0 5 6 0 0 0 0 0 
0 0 0 7 9 0 0 0 0 0 
0 0 0 4 7 0 0 0 0 0 
0 0 0 8 1 0 0 0 0 0 
0 0 0 11 5 0 0 0 0 0 
0 0 0 6 9 9 0 0 0 0 
0 0 9 6 5 9 0 0 0 0 
9 3 6 6 2 4 0 0 0 0 
END
0
0 0 0 7 0 0 0 0 0 0 
0 0 0 1 0 0 0 1 0 0 
0 0 0 3 0 0 0 7 0 0 
0 0 0 3 0 0 5 9 0 0 
0 0 0 6 0 0 9 9 0 0 
0 0 0 3 0 7 2 5 0 0 
0 0 0 2 0 7 2 3 0 0 
0 0 6 6 0 7 2 5 0 0 
0 0 1 7 0 7 7 7 0 0 
0 7 7 4 0 2 6 1 7 0 
0 4 8 4 0 3 2 1 1 5 
0 8 8 4 9 6 1 2 11 2 
0 9 4 5 8 5 3 4 5 11 
0 7 2 4 9 3 9 8 9 2 
0 4 2 2 3 4 8 9 7 11 
8 5 4 2 5 1 7 6 7 5 
END

37
142247
0
0 0 0 0 0 0 0 0 0 0 
0 0 0 0 0 0 0 0 0 0 
0 0 0 0 0 0 0 0 0 0 
0 0 0 0 0 0 0 0 0 0 
0 0 0 9 0 0 0 0 0 0 
0 0 0 7 0 0 0 0 0 0 
0 0 0 7 0 0 0 0 0 0 
0 0 0 1 1 0 0 0 0 0 
0 0 0 5 6 0 0 0 0 0 
0 0 0 7 9 0 0 0 0 0 
0 0 0 4 7 0 0 0 0 0 
0 0 0 8 1 0 0 0 0 0 
0 0 0 11 5 0 0 0 0 0 
0 0 0 6 9 9 0 0 0 0 
0 0 0 6 5 9 0 0 0 0 
9 3 6 6 2 4 0 0 0 0 
END
0
0 0 0 7 0 0 0 0 0 0 
0 0 0 1 0 0 0 1 0 0 
0 0 0 3 0 0 0 7 0 0 
0 0 0 3 0 0 5 9 0 0 
0 0 0 6 0 0 9 9 0 0 
0 0 0 3 0 7 2 5 0 0 
0 0 0 2 0 7 2 3 0 0 
0 0 6 6 0 7 2 5 0 0 
0 0 1 7 0 7 7 7 0 0 
0 7 7 4 0 2 6 1 7 0 
0 4 8 4 9 3 2 1 1 5 
0 8 8 4 9 6 1 2 11 2 
0 9 4 5 8 5 3 4 5 11 
0 7 2 4 9 3 9 8 9 2 
0 4 2 2 3 4 8 9 7 11 
8 5 4 2 5 1 7 6 7 5 
END

38
141212
192
0 0 0 0 0 0 0 0 0 0 
0 0 0 0 0 0 0 0 0 0 
0 0 0 0 0 0 0 0 0 0 
0 0 0 5 0 0 0 0 0 0 
0 0 0 9 0 0 0 0 0 0 
0 0 0 7 0 0 0 0 0 0 
0 0 0 7 4 0 0 0 0 0 
0 0 0 1 1 0 0 0 0 0 
0 0 0 5 6 0 0 0 0 0 
0 0 0 7 9 0 0 0 0 0 
0 0 0 4 7 0 0 0 0 0 
0 0 0 8 1 0 0 0 0 0 
0 0 0 11 5 6 0 0 0 0 
0 0 0 6 9 9 0 0 0 0 
0 0 0 6 5 9 0 0 0 0 
9 3 6 6 2 4 0 0 0 0 
END
0
0 0 0 0 0 0 0 0 0 0 
0 0 0 0 0 0 0 0 0 0 
0 0 0 0 0 0 0 0 0 0 
0 0 0 0 0 0 0 0 0 0 
0 0 0 0 0 0 0 0 0 0 
0 0 0 0 0 0 0 0 0 0 
0 0 0 0 0 0 0 0 0 0 
0 0 0 0 0 0 0 0 0 0 
0 0 0 0 0 0 0 0 0 0 
0 0 0 0 0 0 0 0 0 0 
0 0 0 0 0 0 0 0 0 0 
0 0 0 0 0 0 0 1 0 0 
0 4 0 0 0 0 0 7 0 11 
0 8 0 0 0 0 0 9 0 2 
0 9 0 0 0 7 0 9 0 11 
8 7 0 4 5 7 9 6 11 5 
END

39
140199
186
0 0 0 4 0 0 0 0 0 0 
0 0 0 11 0 0 0 0 0 0 
0 0 0 11 0 0 0 0 0 0 
0 0 0 5 6 0 0 0 0 0 
0 0 0 9 11 0 0 0 0 0 
0 0 0 7 2 0 0 0 0 0 
0 0 0 7 4 0 0 0 0 0 
0 0 0 1 1 0 0 0 0 0 
0 0 0 5 6 0 0 0 0 0 
0 0 0 7 9 0 0 0 0 0 
0 0 0 4 7 0 0 0 0 0 
0 0 0 8 1 0 0 0 0 0 
0 0 11 11 5 6 0 0 0 0 
0 0 11 6 9 9 0 0 0 0 
0 0 11 6 5 9 0 0 0 0 
9 3 6 6 2 4 0 0 0 0 
END
0
0 0 0 0 0 0 0 0 0 0 
0 0 0 0 0 0 0 0 0 0 
0 0 0 0 0 0 0 0 0 0 
0 0 0 0 0 0 0 0 0 0 
0 0 0 0 0 0 0 0 0 0 
0 0 0 0 0 0 0 0 0 0 
0 0 0 0 0 0 0 0 0 0 
0 0 0 0 0 0 0 0 0 0 
0 0 0 0 0 0 0 0 0 0 
0 0 0 0 0 0 0 0 0 0 
0 0 0 0 0 0 0 0 0 0 
0 0 0 0 0 0 0 0 0 0 
0 4 0 0 0 0 0 1 0 11 
0 8 0 0 0 2 0 7 0 2 
0 9 0 0 0 7 0 9 0 11 
8 7 0 4 5 7 9 9 11 5 
END

